#!/bin/bash

printf "\e[49m                   \e[m
\e[49m  \e[38;2;26;25;34;48;2;25;25;34m▄\e[38;2;190;58;30;49m▄\e[38;2;158;49;30;49m▄\e[38;2;121;43;25;49m▄\e[38;2;128;50;35;49m▄\e[38;2;144;42;22;49m▄\e[38;2;124;49;39;49m▄\e[38;2;130;42;30;49m▄\e[38;2;141;52;38;49m▄\e[38;2;197;61;36;48;2;25;25;33m▄\e[49m    \e[m
\e[49m  \e[38;2;29;25;33;49m▄\e[38;2;25;25;34;49m▄\e[38;2;23;21;27;49m▄\e[38;2;25;22;28;48;2;26;25;34m▄\e[38;2;179;54;27;48;2;93;36;30m▄\e[38;2;191;55;26;48;2;99;31;27m▄\e[38;2;188;52;23;48;2;57;28;31m▄\e[38;2;190;54;25;48;2;106;29;21m▄\e[38;2;25;20;27;48;2;80;31;27m▄\e[38;2;181;57;35;48;2;110;33;23m▄\e[38;2;183;58;31;48;2;58;31;34m▄\e[38;2;184;58;35;48;2;115;37;29m▄\e[38;2;169;60;40;48;2;113;34;24m▄\e[38;2;25;23;31;49m▄\e[38;2;24;24;32;49m▄\e[38;2;25;25;34;49m▄\e[49m \e[m
\e[49m  \e[38;2;25;25;34;48;2;26;25;34m▄\e[48;2;26;25;34m \e[38;2;25;25;34;48;2;18;16;24m▄\e[38;2;21;19;27;48;2;22;22;28m▄\e[38;2;24;24;34;49m▄\e[38;2;25;25;34;48;2;24;24;34m▄\e[38;2;25;25;34;48;2;25;25;33m▄\e[48;2;25;25;34m \e[38;2;25;25;34;48;2;26;26;33m▄\e[38;2;25;25;34;48;2;24;24;34m▄\e[38;2;24;24;33;48;2;25;25;34m▄\e[38;2;25;25;34;49m▄\e[38;2;25;25;34;48;2;29;20;27m▄\e[38;2;20;20;30;48;2;25;23;30m▄\e[38;2;25;25;34;48;2;25;25;33m▄\e[48;2;25;25;34m \e[38;2;26;24;34;49m▄\e[m
\e[49m  \e[38;2;27;25;34;48;2;26;25;34m▄\e[38;2;29;25;33;48;2;26;25;34m▄\e[38;2;30;26;33;48;2;25;25;34m▄\e[48;2;25;25;34m \e[38;2;21;18;26;48;2;20;18;26m▄\e[38;2;115;34;20;48;2;29;25;32m▄\e[38;2;180;51;26;48;2;53;28;29m▄\e[38;2;183;51;26;48;2;177;51;29m▄\e[38;2;184;52;25;48;2;123;35;22m▄\e[38;2;181;52;26;48;2;169;54;32m▄\e[38;2;179;53;31;48;2;26;25;34m▄\e[48;2;25;25;34m \e[38;2;20;22;31;48;2;25;25;34m▄\e[48;2;25;25;34m   \e[38;2;27;25;33;48;2;26;25;34m▄\e[m
\e[49m  \e[49;38;2;31;26;33m▀\e[49;38;2;32;26;33m▀\e[49;38;2;26;25;34m▀\e[49;38;2;29;25;33m▀\e[38;2;92;32;22;49m▄\e[38;2;184;52;25;48;2;183;51;25m▄\e[38;2;184;52;25;48;2;183;52;25m▄\e[38;2;181;52;26;48;2;184;52;25m▄\e[38;2;132;36;21;48;2;181;51;25m▄\e[38;2;183;52;25;48;2;183;52;26m▄\e[38;2;180;52;27;48;2;181;52;27m▄\e[38;2;179;53;28;48;2;168;55;38m▄\e[49;38;2;70;32;34m▀\e[49;38;2;25;25;34m▀▀▀\e[49m \e[m
\e[49m  \e[38;2;91;31;22;49m▄\e[38;2;182;52;25;48;2;183;51;25m▄\e[38;2;184;52;25;48;2;180;51;25m▄\e[38;2;182;51;24;48;2;184;52;25m▄\e[38;2;182;51;24;48;2;181;49;24m▄\e[38;2;183;51;26;48;2;182;51;24m▄\e[38;2;203;58;26;48;2;201;56;26m▄\e[38;2;184;51;25;48;2;183;51;24m▄\e[38;2;169;54;35;48;2;180;52;27m▄\e[38;2;184;54;28;48;2;181;52;27m▄\e[38;2;98;33;24;48;2;34;26;32m▄\e[38;2;177;53;29;48;2;27;25;34m▄\e[49m   \e[m
\e[49m  \e[38;2;184;52;25;48;2;92;32;22m▄\e[38;2;222;66;27;48;2;125;39;23m▄\e[38;2;182;51;24;48;2;182;52;25m▄\e[38;2;186;54;27;48;2;184;51;24m▄\e[38;2;187;58;30;48;2;184;53;26m▄\e[38;2;25;22;29;48;2;186;54;26m▄\e[38;2;220;75;42;48;2;222;74;42m▄\e[38;2;25;20;28;48;2;182;54;29m▄\e[38;2;198;60;30;48;2;173;54;33m▄\e[38;2;171;55;34;48;2;176;52;29m▄\e[38;2;123;35;21;48;2;175;49;25m▄\e[38;2;183;52;26;48;2;181;52;27m▄\e[38;2;45;26;29;49m▄\e[49m  \e[m
\e[49m  \e[48;2;184;52;25m \e[48;2;223;66;27m \e[38;2;192;54;23;48;2;182;51;24m▄\e[38;2;184;53;26;48;2;136;47;35m▄\e[38;2;166;48;32;48;2;37;23;28m▄\e[38;2;27;21;30;48;2;222;73;38m▄\e[38;2;44;42;50;48;2;28;20;28m▄\e[38;2;26;20;29;48;2;223;73;43m▄\e[38;2;178;55;32;48;2;23;22;32m▄\e[38;2;174;55;34;48;2;176;56;34m▄\e[38;2;200;59;27;48;2;186;54;28m▄\e[38;2;184;52;25;48;2;183;52;25m▄\e[38;2;92;32;22;48;2;90;31;24m▄\e[49m  \e[m
\e[49m  \e[48;2;184;52;25m \e[38;2;220;64;28;48;2;219;64;29m▄\e[38;2;190;55;25;48;2;196;55;25m▄\e[38;2;174;52;26;48;2;141;47;34m▄\e[38;2;141;49;25;48;2;69;40;39m▄\e[38;2;217;204;76;48;2;205;82;48m▄\e[38;2;45;44;47;48;2;25;20;29m▄\e[38;2;226;194;83;48;2;216;74;39m▄\e[38;2;171;52;31;48;2;110;43;33m▄\e[38;2;188;53;27;48;2;167;59;37m▄\e[38;2;229;65;29;48;2;220;65;31m▄\e[48;2;184;52;25m \e[38;2;167;52;23;48;2;181;51;25m▄\e[49m  \e[m
\e[49m  \e[48;2;184;52;25m \e[38;2;223;66;27;48;2;222;65;28m▄\e[38;2;186;53;26;48;2;195;53;25m▄\e[38;2;184;52;25;48;2;186;52;26m▄\e[38;2;188;55;28;48;2;183;51;24m▄\e[38;2;186;80;63;48;2;202;112;36m▄\e[38;2;187;82;61;48;2;184;77;60m▄\e[38;2;194;72;44;48;2;205;118;38m▄\e[38;2;186;54;28;48;2;187;54;27m▄\e[38;2;184;56;26;48;2;185;53;26m▄\e[38;2;222;68;30;48;2;222;66;29m▄\e[48;2;184;52;25m \e[38;2;182;51;26;48;2;183;52;25m▄\e[49m  \e[m
\e[49m  \e[48;2;184;52;25m \e[38;2;221;65;26;48;2;223;66;27m▄\e[48;2;186;53;26m \e[38;2;183;53;27;48;2;186;53;26m▄\e[38;2;119;37;24;48;2;150;52;34m▄\e[38;2;215;61;25;48;2;30;23;27m▄\e[38;2;49;24;28;48;2;24;22;31m▄\e[38;2;227;65;29;48;2;87;28;18m▄\e[38;2;185;53;27;48;2;186;53;26m▄\e[38;2;186;53;26;48;2;196;55;28m▄\e[38;2;223;66;28;48;2;224;66;27m▄\e[38;2;93;33;24;48;2;186;53;25m▄\e[38;2;94;32;21;48;2;145;43;24m▄\e[49m  \e[m
\e[49m  \e[48;2;184;52;25m \e[38;2;216;62;26;48;2;222;65;26m▄\e[38;2;85;35;32;48;2;58;24;26m▄\e[38;2;21;21;30;48;2;25;20;28m▄\e[38;2;51;34;39;48;2;21;20;29m▄\e[38;2;73;97;106;48;2;85;30;21m▄\e[38;2;77;94;101;48;2;223;63;29m▄\e[38;2;97;84;93;48;2;25;22;32m▄\e[38;2;27;22;31;48;2;121;46;37m▄\e[38;2;27;23;30;48;2;28;25;33m▄\e[38;2;216;59;28;48;2;219;72;34m▄\e[38;2;184;52;25;48;2;183;52;25m▄\e[49;38;2;91;32;22m▀\e[49m  \e[m
\e[49m  \e[38;2;92;32;22;48;2;184;52;25m▄\e[38;2;215;64;29;48;2;216;62;26m▄\e[38;2;25;23;30;48;2;32;22;27m▄\e[38;2;172;62;43;48;2;24;23;31m▄\e[38;2;127;30;15;48;2;163;85;41m▄\e[38;2;27;24;32;48;2;236;210;80m▄\e[38;2;30;27;35;48;2;234;236;252m▄\e[38;2;77;28;24;48;2;197;181;194m▄\e[38;2;206;61;40;48;2;30;25;33m▄\e[38;2;30;24;33;48;2;26;22;32m▄\e[38;2;59;26;28;48;2;176;51;28m▄\e[48;2;184;52;25m \e[49m   \e[m
\e[49m  \e[38;2;168;53;33;48;2;43;24;27m▄\e[38;2;30;23;29;48;2;148;52;38m▄\e[38;2;183;66;51;48;2;38;21;30m▄\e[38;2;104;23;15;48;2;159;54;42m▄\e[38;2;39;21;30;48;2;204;62;30m▄\e[38;2;44;20;27;48;2;205;59;29m▄\e[38;2;85;22;17;48;2;190;63;36m▄\e[38;2;175;64;46;48;2;30;21;31m▄\e[38;2;69;26;31;48;2;159;55;42m▄\e[38;2;27;25;36;48;2;31;25;34m▄\e[38;2;26;25;34;48;2;171;54;33m▄\e[49m   \e[m
\e[49m  \e[48;2;25;25;34m \e[49m \e[49;38;2;185;56;30m▀\e[38;2;163;62;45;48;2;163;51;29m▄\e[38;2;127;37;26;48;2;76;34;35m▄\e[38;2;38;25;31;48;2;31;26;32m▄\e[38;2;210;60;28;48;2;142;47;34m▄\e[49;38;2;198;56;27m▀\e[49;38;2;30;27;35m▀\e[38;2;26;25;34;49m▄\e[49;38;2;25;25;34m▀\e[49m   \e[m
\e[49m  \e[49;38;2;26;25;34m▀\e[49m  \e[38;2;39;38;43;48;2;40;38;43m▄\e[38;2;203;60;28;48;2;134;31;19m▄\e[38;2;211;59;28;48;2;83;31;30m▄\e[38;2;205;63;30;48;2;206;56;25m▄\e[49m       \e[m
\e[49m  \e[38;2;25;25;34;48;2;26;25;34m▄▄\e[38;2;26;25;34;48;2;25;25;34m▄\e[49m \e[38;2;40;39;44;49m▄\e[38;2;37;37;42;49m▄\e[49;38;2;38;38;43m▀\e[38;2;209;64;34;48;2;54;46;50m▄\e[38;2;56;44;49;48;2;209;62;33m▄\e[38;2;199;59;36;48;2;54;44;52m▄\e[48;2;38;38;43m \e[38;2;37;37;43;49m▄\e[49m \e[38;2;25;25;34;48;2;29;31;39m▄\e[38;2;25;25;34;48;2;27;26;33m▄\e[38;2;25;25;34;48;2;26;25;34m▄\e[49m \e[m
\e[49m  \e[48;2;25;25;34m  \e[38;2;37;37;43;48;2;26;25;34m▄\e[38;2;39;38;43;48;2;40;39;41m▄\e[38;2;39;38;43;49m▄\e[38;2;38;38;43;49m▄▄\e[38;2;174;60;42;48;2;67;40;43m▄\e[38;2;81;41;38;48;2;184;59;32m▄\e[38;2;42;38;42;48;2;59;43;46m▄\e[38;2;39;38;43;49m▄▄\e[38;2;38;38;43;48;2;43;43;50m▄\e[38;2;42;38;42;48;2;27;25;34m▄\e[48;2;25;25;34m \e[38;2;26;25;34;48;2;28;25;34m▄\e[48;2;25;25;33m \e[m
\e[49m  \e[38;2;26;25;34;48;2;25;25;34m▄\e[48;2;25;25;34m \e[38;2;26;25;34;48;2;25;25;34m▄\e[49m   \e[48;2;38;38;43m \e[38;2;201;58;29;48;2;202;63;36m▄\e[38;2;188;57;28;48;2;174;59;36m▄\e[38;2;39;37;42;48;2;40;38;42m▄\e[38;2;35;35;43;48;2;38;38;43m▄\e[49;38;2;38;37;42m▀\e[49;38;2;35;35;40m▀\e[38;2;30;25;33;48;2;32;26;33m▄\e[38;2;27;25;34;48;2;25;25;34m▄\e[48;2;25;25;34m \e[49m \e[m
\e[49m  \e[38;2;25;25;34;49m▄\e[38;2;140;48;39;49m▄\e[38;2;28;24;32;49m▄\e[49m    \e[38;2;203;60;32;48;2;215;123;103m▄\e[38;2;227;140;62;48;2;228;170;155m▄\e[38;2;55;38;36;48;2;40;38;42m▄\e[49m    \e[38;2;41;26;31;49m▄\e[38;2;25;25;34;49m▄\e[49m \e[m
\e[49m  \e[38;2;29;25;32;48;2;26;25;34m▄\e[48;2;174;51;30m \e[38;2;174;51;30;48;2;174;51;29m▄\e[38;2;174;51;30;48;2;38;26;32m▄\e[38;2;151;48;33;49m▄\e[38;2;26;25;34;49m▄\e[49m \e[38;2;36;26;32;48;2;199;64;38m▄\e[38;2;219;63;26;48;2;227;140;62m▄\e[49m  \e[38;2;30;26;33;49m▄\e[38;2;143;50;41;49m▄\e[38;2;172;51;31;48;2;32;26;33m▄\e[48;2;174;51;30m \e[48;2;25;25;34m \e[49m \e[m
\e[49m  \e[49;38;2;25;25;33m▀\e[49;38;2;162;47;28m▀\e[38;2;26;25;34;48;2;174;51;30m▄\e[38;2;110;39;32;48;2;174;51;30m▄\e[38;2;172;50;29;48;2;174;51;30m▄\e[38;2;161;46;25;48;2;76;16;0m▄\e[38;2;76;16;0;48;2;75;15;0m▄\e[38;2;77;17;1;48;2;168;47;25m▄\e[38;2;77;17;1;48;2;167;47;26m▄\e[38;2;76;16;0;48;2;81;19;4m▄\e[38;2;76;16;0;48;2;43;9;0m▄\e[48;2;174;51;30m \e[38;2;161;48;31;48;2;174;51;30m▄\e[38;2;28;25;33;48;2;169;49;28m▄\e[38;2;31;25;33;48;2;174;51;30m▄\e[49;38;2;25;25;34m▀\e[49m \e[m
\e[49m  \e[49;38;2;26;24;34m▀\e[49;38;2;143;47;36m▀\e[38;2;26;26;34;48;2;218;46;1m▄\e[38;2;31;26;34;48;2;220;46;0m▄\e[49;38;2;167;47;26m▀\e[49;38;2;150;47;32m▀\e[49;38;2;30;27;35m▀\e[49m     \e[m
";
