
[48;5;15m [38;5;245;48;5;15m▄[38;5;250;48;5;15m▄[38;5;7;48;5;15m▄[38;5;250;48;5;15m▄[38;5;249;48;5;252m▄[38;5;249;48;5;15m▄[38;5;250;48;5;15m▄[38;5;249;48;5;15m▄▄[38;5;250;48;5;255m▄[38;5;249;48;5;15m▄[38;5;108;48;5;15m▄[38;5;109;48;5;15m▄[38;5;65;48;5;15m▄[38;5;65;48;5;232m▄[38;5;23;48;5;15m▄[38;5;108;48;5;15m▄[38;5;109;48;5;15m▄[38;5;250;48;5;15m▄[38;5;249;48;5;15m▄▄[38;5;250;48;5;15m▄▄▄[38;5;249;48;5;8m▄[38;5;249;48;5;15m▄[38;5;250;48;5;15m▄▄[38;5;247;48;5;15m▄[38;5;15;48;5;15m▄[m
[48;5;15m [38;5;245;48;5;243m▄[38;5;249;48;5;247m▄[38;5;243;48;5;145m▄[38;5;65;48;5;247m▄▄▄[38;5;65;48;5;66m▄[38;5;109;48;5;66m▄[38;5;247;48;5;66m▄[38;5;250;48;5;29m▄[38;5;131;48;5;65m▄▄[38;5;137;48;5;65m▄[38;5;167;48;5;242m▄[38;5;167;48;5;243m▄[38;5;166;48;5;59m▄[38;5;131;48;5;65m▄[38;5;137;48;5;66m▄[38;5;131;48;5;65m▄[38;5;249;48;5;29m▄[38;5;109;48;5;66m▄▄[38;5;65;48;5;245m▄[38;5;65;48;5;247m▄[38;5;65;48;5;248m▄▄[38;5;66;48;5;145m▄[38;5;250;48;5;248m▄[38;5;247;48;5;102m▄[48;5;15m [m
[38;5;254;48;5;15m▄[38;5;248;48;5;248m▄[38;5;188;48;5;65m▄[38;5;137;48;5;65m▄[38;5;131;48;5;151m▄[38;5;166;48;5;151m▄[38;5;235;48;5;253m▄[38;5;52;48;5;131m▄[38;5;236;48;5;131m▄[38;5;144;48;5;166m▄[38;5;143;48;5;236m▄[38;5;144;48;5;236m▄[38;5;180;48;5;237m▄[38;5;179;48;5;236m▄[38;5;58;48;5;238m▄[38;5;94;48;5;238m▄[38;5;136;48;5;238m▄[38;5;179;48;5;236m▄[38;5;143;48;5;237m▄[38;5;143;48;5;236m▄[38;5;143;48;5;237m▄[38;5;143;48;5;166m▄[38;5;236;48;5;131m▄[38;5;52;48;5;131m▄▄[38;5;166;48;5;188m▄[38;5;131;48;5;151m▄[38;5;131;48;5;29m▄[38;5;253;48;5;239m▄[38;5;7;48;5;249m▄[48;5;15m [m
[38;5;15;48;5;15m▄[38;5;252;48;5;249m▄[38;5;237;48;5;131m▄[38;5;186;48;5;52m▄[38;5;179;48;5;234m▄[38;5;179;48;5;235m▄[38;5;179;48;5;180m▄[38;5;179;48;5;179m▄▄▄▄▄[38;5;180;48;5;179m▄[38;5;234;48;5;235m▄[38;5;180;48;5;237m▄[38;5;238;48;5;238m▄[38;5;245;48;5;237m▄[38;5;235;48;5;179m▄[38;5;185;48;5;179m▄[38;5;179;48;5;179m▄▄▄▄▄[38;5;179;48;5;180m▄[38;5;179;48;5;235m▄[38;5;179;48;5;234m▄[38;5;186;48;5;52m▄[38;5;234;48;5;130m▄[38;5;188;48;5;251m▄[48;5;15m [m
[48;5;15m [38;5;251;48;5;252m▄[38;5;236;48;5;237m▄[38;5;186;48;5;186m▄[38;5;179;48;5;185m▄[38;5;179;48;5;179m▄[38;5;179;48;5;185m▄▄[38;5;179;48;5;179m▄[38;5;179;48;5;185m▄▄[38;5;180;48;5;232m▄[38;5;0;48;5;186m▄[38;5;232;48;5;233m▄[38;5;234;48;5;236m▄[38;5;236;48;5;237m▄[38;5;235;48;5;236m▄[38;5;233;48;5;234m▄[38;5;232;48;5;186m▄[38;5;179;48;5;185m▄[38;5;179;48;5;179m▄[38;5;179;48;5;185m▄▄▄▄▄▄▄[38;5;0;48;5;232m▄[38;5;253;48;5;253m▄[48;5;15m [m
[38;5;15;48;5;238m▄[38;5;251;48;5;7m▄[38;5;236;48;5;235m▄[38;5;186;48;5;186m▄[38;5;179;48;5;179m▄▄▄▄▄▄▄▄▄[38;5;185;48;5;179m▄[38;5;235;48;5;235m▄[38;5;237;48;5;236m▄[38;5;236;48;5;236m▄[38;5;233;48;5;233m▄[38;5;232;48;5;180m▄[38;5;179;48;5;179m▄▄▄▄▄▄▄▄[38;5;185;48;5;179m▄[38;5;232;48;5;232m▄[38;5;252;48;5;252m▄[48;5;15m [m
[48;5;15m [38;5;251;48;5;251m▄[38;5;235;48;5;235m▄[38;5;186;48;5;186m▄[38;5;179;48;5;179m▄▄▄▄[38;5;0;48;5;179m▄▄[38;5;179;48;5;179m▄▄[38;5;232;48;5;179m▄[38;5;179;48;5;233m▄[38;5;235;48;5;235m▄[38;5;237;48;5;237m▄[38;5;236;48;5;236m▄[38;5;233;48;5;233m▄[38;5;0;48;5;180m▄[38;5;179;48;5;179m▄▄▄[38;5;232;48;5;179m▄[38;5;179;48;5;179m▄▄▄▄▄[38;5;0;48;5;0m▄[48;5;252m [48;5;15m [m
[38;5;7;48;5;15m▄[38;5;251;48;5;251m▄[38;5;236;48;5;235m▄[38;5;186;48;5;186m▄[38;5;179;48;5;179m▄▄▄[38;5;232;48;5;179m▄[38;5;232;48;5;0m▄[38;5;179;48;5;0m▄▄[38;5;232;48;5;0m▄▄[38;5;232;48;5;232m▄[38;5;235;48;5;235m▄[38;5;237;48;5;237m▄[38;5;237;48;5;236m▄[38;5;232;48;5;234m▄[38;5;179;48;5;0m▄[38;5;179;48;5;179m▄▄[38;5;0;48;5;179m▄[38;5;232;48;5;179m▄[38;5;0;48;5;232m▄[38;5;179;48;5;179m▄▄▄[38;5;179;48;5;185m▄[48;5;0m [38;5;252;48;5;252m▄[48;5;15m [m
[38;5;15;48;5;15m▄[38;5;251;48;5;251m▄[38;5;235;48;5;235m▄[38;5;186;48;5;186m▄[38;5;179;48;5;179m▄▄▄[38;5;0;48;5;232m▄▄[38;5;179;48;5;0m▄[38;5;0;48;5;0m▄[38;5;0;48;5;232m▄[38;5;232;48;5;0m▄[38;5;232;48;5;232m▄[38;5;235;48;5;235m▄[38;5;236;48;5;239m▄[38;5;236;48;5;137m▄[38;5;179;48;5;179m▄▄▄▄▄[38;5;0;48;5;232m▄[38;5;179;48;5;232m▄[38;5;179;48;5;179m▄▄▄▄[38;5;232;48;5;0m▄[38;5;188;48;5;188m▄[48;5;15m [m
[38;5;0;48;5;15m▄[38;5;251;48;5;251m▄[38;5;255;48;5;236m▄[38;5;232;48;5;186m▄[38;5;179;48;5;179m▄▄▄[38;5;179;48;5;0m▄[38;5;232;48;5;0m▄[38;5;0;48;5;179m▄[38;5;179;48;5;179m▄▄[38;5;0;48;5;0m▄[38;5;232;48;5;232m▄[38;5;235;48;5;234m▄[38;5;237;48;5;237m▄[38;5;235;48;5;235m▄[48;5;233m [38;5;232;48;5;179m▄[38;5;179;48;5;179m▄▄▄▄[38;5;0;48;5;179m▄[38;5;179;48;5;179m▄▄▄[38;5;0;48;5;179m▄[38;5;15;48;5;0m▄[38;5;188;48;5;188m▄[48;5;15m [m
[38;5;15;48;5;15m▄[48;5;251m [38;5;255;48;5;255m▄[38;5;233;48;5;232m▄[38;5;179;48;5;179m▄▄▄▄▄[38;5;179;48;5;0m▄[38;5;179;48;5;179m▄▄▄[38;5;179;48;5;232m▄[38;5;235;48;5;235m▄[38;5;236;48;5;237m▄[38;5;236;48;5;236m▄[38;5;233;48;5;232m▄[38;5;0;48;5;0m▄▄[38;5;232;48;5;179m▄[38;5;232;48;5;232m▄[38;5;0;48;5;0m▄[38;5;179;48;5;179m▄▄▄▄[48;5;0m [38;5;15;48;5;15m▄[38;5;252;48;5;252m▄[48;5;15m [m
[48;5;15m [38;5;251;48;5;251m▄[38;5;255;48;5;255m▄[38;5;15;48;5;232m▄[38;5;232;48;5;179m▄[38;5;179;48;5;179m▄▄▄▄▄▄▄▄▄[38;5;180;48;5;235m▄[38;5;237;48;5;239m▄[38;5;237;48;5;235m▄[38;5;233;48;5;233m▄[48;5;232m [38;5;232;48;5;0m▄▄▄[38;5;179;48;5;179m▄▄▄▄[38;5;232;48;5;179m▄[38;5;15;48;5;232m▄[48;5;15m [38;5;252;48;5;252m▄[48;5;15m [m
[38;5;15;48;5;15m▄[48;5;251m [38;5;255;48;5;255m▄[38;5;15;48;5;15m▄[38;5;0;48;5;0m▄[38;5;179;48;5;179m▄▄▄▄▄▄[38;5;0;48;5;179m▄▄[38;5;232;48;5;185m▄[38;5;235;48;5;179m▄[38;5;237;48;5;237m▄▄[38;5;233;48;5;233m▄[38;5;179;48;5;0m▄[38;5;179;48;5;179m▄[38;5;179;48;5;232m▄[38;5;179;48;5;179m▄▄▄▄▄[38;5;232;48;5;0m▄[38;5;15;48;5;15m▄▄[48;5;252m [48;5;15m [m
[48;5;15m [38;5;251;48;5;251m▄[48;5;255m [38;5;15;48;5;15m▄[48;5;15m [38;5;232;48;5;0m▄[38;5;179;48;5;179m▄▄▄▄▄▄▄▄[38;5;179;48;5;180m▄[38;5;179;48;5;237m▄[38;5;137;48;5;101m▄[38;5;233;48;5;233m▄[38;5;179;48;5;180m▄[38;5;179;48;5;179m▄▄▄▄▄▄[38;5;232;48;5;232m▄[38;5;15;48;5;15m▄▄▄[48;5;252m [48;5;15m [m
[48;5;15m [38;5;251;48;5;251m▄[38;5;15;48;5;255m▄[38;5;15;48;5;15m▄▄▄[38;5;0;48;5;232m▄[38;5;0;48;5;179m▄[38;5;179;48;5;179m▄▄▄[38;5;0;48;5;179m▄[38;5;179;48;5;0m▄[38;5;185;48;5;179m▄[38;5;179;48;5;179m▄[38;5;236;48;5;143m▄[38;5;101;48;5;236m▄[38;5;179;48;5;179m▄▄[38;5;179;48;5;0m▄[38;5;0;48;5;179m▄[38;5;179;48;5;179m▄[38;5;179;48;5;232m▄[38;5;0;48;5;179m▄[38;5;0;48;5;232m▄[38;5;15;48;5;15m▄▄▄[48;5;15m [38;5;188;48;5;188m▄[48;5;15m [m
[38;5;15;48;5;243m▄[38;5;251;48;5;251m▄[38;5;15;48;5;255m▄[38;5;15;48;5;15m▄▄[48;5;15m [38;5;15;48;5;15m▄[38;5;15;48;5;0m▄[38;5;232;48;5;180m▄[38;5;179;48;5;179m▄▄[38;5;179;48;5;0m▄[38;5;179;48;5;179m▄[38;5;186;48;5;232m▄[38;5;179;48;5;180m▄[38;5;143;48;5;101m▄[38;5;137;48;5;143m▄[38;5;179;48;5;233m▄[38;5;179;48;5;179m▄[38;5;0;48;5;232m▄[38;5;179;48;5;0m▄[38;5;179;48;5;179m▄[38;5;0;48;5;179m▄[38;5;15;48;5;232m▄[38;5;15;48;5;15m▄▄▄[48;5;15m [38;5;15;48;5;15m▄[38;5;188;48;5;188m▄[48;5;15m [m
[48;5;15m [38;5;249;48;5;7m▄[38;5;254;48;5;254m▄[38;5;255;48;5;255m▄[38;5;254;48;5;255m▄▄▄▄▄[38;5;233;48;5;232m▄[38;5;233;48;5;179m▄[38;5;179;48;5;179m▄[38;5;179;48;5;232m▄[38;5;179;48;5;179m▄▄[38;5;143;48;5;143m▄[38;5;137;48;5;137m▄[38;5;143;48;5;234m▄[38;5;179;48;5;232m▄[38;5;179;48;5;179m▄[38;5;233;48;5;179m▄[38;5;233;48;5;232m▄[38;5;254;48;5;255m▄▄▄▄▄▄▄[38;5;7;48;5;251m▄[48;5;15m [m
[38;5;243;48;5;15m▄[38;5;246;48;5;249m▄[38;5;7;48;5;253m▄[38;5;251;48;5;254m▄▄[38;5;251;48;5;253m▄[38;5;7;48;5;254m▄[38;5;251;48;5;254m▄▄▄[38;5;251;48;5;233m▄[38;5;252;48;5;234m▄[38;5;234;48;5;179m▄[38;5;143;48;5;179m▄[38;5;137;48;5;179m▄[38;5;136;48;5;137m▄▄[38;5;137;48;5;143m▄[38;5;234;48;5;179m▄[38;5;7;48;5;233m▄[38;5;251;48;5;233m▄[38;5;251;48;5;254m▄▄▄▄▄▄▄▄[38;5;248;48;5;7m▄[48;5;15m [m
[48;5;15m [38;5;245;48;5;8m▄[38;5;145;48;5;145m▄[38;5;7;48;5;250m▄[38;5;250;48;5;145m▄[38;5;249;48;5;248m▄[38;5;249;48;5;145m▄[38;5;250;48;5;145m▄[38;5;249;48;5;145m▄▄▄▄[38;5;249;48;5;248m▄[38;5;250;48;5;237m▄[38;5;242;48;5;238m▄[38;5;239;48;5;3m▄[38;5;59;48;5;101m▄[38;5;248;48;5;236m▄[38;5;249;48;5;249m▄[38;5;250;48;5;249m▄[38;5;249;48;5;145m▄▄[38;5;250;48;5;145m▄[38;5;249;48;5;145m▄[38;5;249;48;5;248m▄[38;5;249;48;5;145m▄▄[38;5;250;48;5;249m▄[38;5;250;48;5;250m▄[38;5;247;48;5;246m▄[48;5;15m [m

